94
95
171
909
449
885
414
279
988
4
217
649
803
870
410
250
703
960
761
19
829
618
241
482
479
997
645
588
820
805
855
388
834
841
140
941
317
524
571
593
461
220
88
927
473
39
372
985
428
419
569
194
116
152
355
875
168
382
666
687
562
873
290
618
384
687
604
85
654
374
968
377
734
289
246
766
972
343
106
164
465
675
804
508
379
835
166
976
662
382
340
816
994
567
956
610
518
339
986
153
478
315
72
807
675
701
914
938
471
337
534
811
424
660
32
371
922
290
947
841
603
943
904
158
762
300
840
544
818
148
350
475
994
786
271
726
760
884
990
881
700
168
702
901
267
807
806
389
515
341
549
911
956
513
38
242
162
568
737
122
115
697
627
413
127
448
594
590
28
999
863
774
960
845
552
766
716
722
166
676
876
66
587
798
566
896
410
638
444
527
472
244
734
717
356
885
743
472
899
84
554
429
46
629
811
740
833
205
393
359
142
754
765
182
698
751
849
396
1
309
957
595
717
341
529
162
841
139
536
835
925
719
525
930
925
385
688
721
843
806
285
745
820
520
24
654
846
407
206
926
404
690
783
424
982
788
688
999
590
950
402
711
230
859
167
919
72
788
31
874
759
625
209
573
544
543
346
332
63
208
850
627
985
664
3
401
773
328
718
386
415
458
89
570
854
255
492
618
581
426
30
223
367
700
586
372
817
884
655
185
871
185
988
442
913
929
596
602
586
893
883
642
391
796
357
869
118
426
114
91
619
169
471
966
84
941
396
667
578
28
97
489
433
539
690
47
530
758
688
40
564
279
975
498
778
939
637
986
426
718
409
716
953
966
967
549
788
372
611
494
656
883
633
913
466
295
343
907
409
457
11
835
652
760
903
490
422
630
839
31
23
961
802
749
961
315
447
11
273
943
736
385
396
465
458
32
639
50
348
549
295
752
412
873
322
521
16
569
807
648
113
55
517
252
277
741
955
23
681
677
394
623
270
126
120
342
549
276
148
34
528
591
46
635
817
986
128
803
693
285
756
73
286
455
462
794
589
536
288
887
536
149
680
82
652
426
119
213
932
496
687
614
86
351
334
517
325
919
465
831
387
166
872
867
728
12
867
558
667
444
508
58
838
220
462
826
874
834
407
12
412
757
98
151
910
414
754
578
431
919
388
488
852
466
481
968
711
579
300
109
755
687
404
601
264
151
891
562
924
490
849
990
550
970
186
285
111
986
730
723
985
62
870
28
178
923
714
126
588
729
832
938
326
602
800
993
501
668
592
313
586
636
827
987
69
540
600
831
123
333
173
801
443
371
44
520
378
977
801
170
957
305
836
848
962
487
853
302
596
613
968
434
799
187
829
463
704
347
78
682
928
994
393
741
184
846
255
240
335
330
435
806
22
811
236
407
277
366
455
291
179
118
15
970
945
991
32
285
985
34
567
395
201
582
222
830
597
548
732
446
800
950
681
945
127
338
505
474
239
890
82
35
878
886
918
752
411
694
577
377
506
210
831
361
930
704
685
771
10
22
377
285
590
655
666
910
253
803
189
46
513
828
838
289
95
450
777
813
572
16
96
539
40
846
248
363
148
41
796
310
52
155
202
912
83
988
428
756
910
839
632
941
113
680
374
343
946
660
258
34
837
110
73
556
85
157
36
45
352
888
536
472
72
492
208
538
256
387
616
455
136
954
986
94
686
623
971
959
324
713
845
157
561
567
935
608
85
598
469
801
885
833
717
538
150
142
313
72
835
120
146
62
717
930
172
96
458
801
634
982
919
926
83
829
669
532
454
916
832
502
305
605
960
74
709
623
175
875
174
372
718
950
302
698
242
573
522
232
152
391
707
947
109
770
40
167
236
253
824
680
325
319
378
176
935
62
762
626
518
744
307
905
913
386
36
785
96
253
370
300
341
788
59
831
403
872
61
946
801
694
573
721
651
24
962
342
412
105
741
252
511
862
810
985
252
285
374
755
949
32
304
397
991
941
759
243
316
347
168
554
636
91
715
419
261
327
285
615
816
439
515
464
504
510
666
278
242
117
23
985
669
246
905
373
533
883
990
172
774
564
494
361
330
896
137
359
762
861
148
197
107
760
116
552
720
706
692
616
482
462
248
159
12
908
157
36
715
883
863
769
943
820
992
96
813
792
322
969
5
677
976
590
301
579
525
74
446
135
161
930
259
946
441
231
884
727
72
499
334
127
328
726
468
373
342
550
565
403
703
900
449
249
631
578
760
336
813
757
870
631
59
272
478
769
88
938
907
988
911
77
513
216
92
697
475
130
214
521
708
488
73
784
608
566
740
901
391
660
431
16
222
256
241
442
938
110
808
519
466
435
381
10
928
185
669
642
379
229
887
380
563
687
540
516
372
917
529
324
458
863
91
907
449
743
432
199
644
776
18
43
343
205
481
545
949
117
725
748
241
518
911
936
35
379
711
959
984
649
665
835
222
53
19
61
158
265
623
667
262
653
682
18
335
121
311
247
391
602
592
798
870
240
633
898
377
510
675
111
247
935
972
283
869
3
964
513
359
120
556
868
414
831
434
415
473
270
456
200
820
374
589
14
943
975
675
536
311
13
957
982
617
208
733
122
760
817
51
458
489
91
580
323
152
129
907
895
658
152
8
929
144
110
563
991
817
657
618
867
666
45
954
487
200
751
547
504
432
127
606
104
949
368
954
592
284
777
863
556
528
314
937
244
363
220
583
301
1000
124
467
613
467
431
460
980
912
569
778
180
406
387
614
833
991
321
520
895
170
329
651
882
273
375
129
403
403
871
882
983
921
916
779
114
62
504
366
353
837
730
732
920
434
22
89
542
860
890
250
378
387
552
644
433
555
785
883
833
756
550
806
50
866
813
906
848
157
2
752
921
626
614
883
970
916
210
190
794
925
102
956
871
108
771
706
469
938
842
672
209
154
354
103
252
275
280
502
762
312
198
394
929
601
120
614
511
960
424
581
600
805
579
719
468
869
628
444
808
445
957
911
82
602
282
391
439
884
473
638
261
136
686
791
384
527
800
994
667
898
245
604
174
903
911
842
263
349
987
548
181
989
823
134
802
617
908
780
923
519
481
15
786
225
300
654
667
691
527
96
247
863
614
86
278
410
297
701
276
181
980
81
946
882
601
830
474
641
383
110
915
527
9
488
587
729
864
680
698
333
676
83
298
230
629
404
775
548
22
158
396
93
931
301
427
290
609
41
88
182
785
835
50
27
943
361
106
379
446
229
93
761
638
725
726
214
801
435
422
815
66
298
70
598
776
28
827
220
641
524
578
826
585
331
645
735
69
753
247
77
680
965
260
278
147
762
418
30
806
118
145
158
820
793
502
518
343
870
409
302
53
271
495
841
626
877
179
236
405
866
323
404
687
239
589
829
385
455
548
784
688
852
873
137
18
825
921
299
794
711
49
745
802
851
73
785
268
553
62
146
528
505
32
311
450
711
16
249
120
60
507
448
128
893
102
382
212
952
233
218
498
656
742
966
951
64
404
666
150
411
535
191
49
830
646
365
416
163
785
628
765
8
116
938
22
1
407
350
470
217
539
136
463
920
582
772
751
205
513
143
803
418
591
27
574
183
882
654
362
108
411
852
482
101
311
125
829
569
803
809
840
240
916
935
309
620
988
657
731
830
987
720
986
331
942
706
107
888
31
942
907
138
551
772
350
969
350
567
698
626
606
548
17
190
896
865
946
452
693
318
544
452
302
411
957
596
54
515
612
445
463
462
871
365
645
401
66
479
647
245
745
998
791
540
389
510
636
792
730
857
411
289
575
108
286
159
707
780
307
105
8
827
965
51
867
63
845
194
946
656
828
438
500
871
811
57
831
519
186
232
262
88
948
460
253
312
719
822
640
378
26
871
91
253
315
750
216
340
244
198
239
186
662
856
869
553
285
698
85
899
72
142
395
67
927
138
207
735
745
68
131
155
592
784
425
497
187
744
810
450
43
784
498
42
84
399
828
559
998
181
354
576
320
392
462
621
823
574
14
104
904
8
486
69
859
245
941
688
397
804
4
572
301
35
701
704
635
778
411
253
523
390
365
63
943
135
750
935
653
544
846
272
251
189
294
922
581
606
427
748
794
802
851
238
745
278
37
497
416
942
584
609
373
811
547
502
787
343
640
881
791
792
595
496
506
807
487
839
324
141
372
703
116
340
950
491
956
683
583
257
747
667
781
192
998
545
413
626
22
895
465
377
688
772
577
492
210
413
417
757
921
330
310
271
429
906
982
230
506
913
718
280
194
480
157
316
87
225
462
214
118
921
510
305
10
962
267
98
523
552
397
993
924
749
75
61
920
559
233
326
906
631
478
406
509
650
290
665
494
364
535
35
78
973
692
851
153
158
285
969
76
189
13
379
940
436
711
76
983
487
431
513
858
324
957
298
755
286
109
51
299
813
99
21
598
605
213
340
800
841
55
48
404
688
95
906
500
263
355
221
793
127
329
983
39
848
615
836
607
357
706
491
117
279
813
466
508
540
557
689
613
561
467
830
424
784
676
687
742
465
959
439
529
424
674
502
637
197
499
793
646
281
976
515
891
929
712
725
240
261
900
461
606
481
233
875
443
331
826
332
490
883
306
117
67
233
639
91
443
422
670
491
71
155
301
293
597
608
689
803
269
849
626
838
991
79
732
181
497
49
447
66
958
69
28
501
659
342
581
840
146
10
888
801
508
932
817
941
570
575
55
351
511
878
750
806
678
546
721
423
217
450
595
532
425
544
8
106
920
12
333
867
767
303
362
984
915
766
790
213
216
968
206
68
279
49
3
956
177
527
484
757
475
741
133
522
834
989
687
615
318
22
81
168
331
869
686
777
458
153
614
980
961
850
641
67
220
188
643
198
765
570
68
191
975
892
961
937
995
119
652
959
135
780
333
83
782
701
794
960
1
835
211
644
974
360
765
677
865
561
39
38
307
342
809
724
443
95
65
768
331
815
269
132
800
909
408
142
157
782
446
564
354
416
406
972
628
885
163
315
895
492
423
898
624
284
143
84
804
388
85
335
537
259
790
578
505
765
219
868
469
144
961
849
663
295
435
327
163
269
711
668
686
76
847
617
605
626
346
868
842
170
914
249
151
528
929
309
527
592
569
802
972
639
133
454
692
631
622
368
776
674
929
473
440
873
396
641
876
910
694
498
514
693
839
217
702
968
587
3
642
92
555
852
677
495
77
407
429
475
425
487
989
75
604
195
988
242
341
478
901
438
294
985
237
37
487
415
913
869
184
747
374
670
91
400
986
393
946
785
768
778
503
450
208
208
742
125
359
344
718
405
391
347
173
786
806
212
555
961
962
806
940
381
83
517
486
178
464
546
963
854
713
811
101
498
916
993
438
22
491
188
7
534
257
155
83
758
417
432
41
453
872
902
670
210
245
63
462
536
94
507
707
337
56
636
696
946
916
176
17
415
531
745
284
29
444
541
107
735
710
427
537
400
56
733
695
721
492
572
742
645
74
725
286
469
110
444
72
677
358
954
413
464
344
143
165
506
320
1
908
330
134
729
458
612
857
687
609
747
931
888
790
621
319
883
360
681
728
12
793
72
262
163
754
149
263
183
344
848
699
973
392
2
950
675
973
486
316
516
81
626
270
52
280
469
759
29
687
595
773
641
660
806
664
656
799
888
936
55
341
321
422
851
150
467
53
583
347
993
349
314
649
986
238
704
572
747
367
641
944
119
889
830
92
714
431
247
965
210
260
840
747
499
208
170
805
423
839
615
784
643
106
139
224
586
834
279
440
190
689
340
345
163
103
464
471
463
682
674
42
741
551
427
428
382
456
775
78
179
228
918
534
757
477
579
621
74
642
300
51
257
639
87
891
361
840
550
410
866
537
354
163
101
648
820
633
374
207
254
502
200
108
851
237
955
4
18
63
446
663
965
648
938
986
712
911
45
448
661
813
851
937
145
872
935
14
529
238
936
195
536
974
852
905
85
984
710
756
189
350
761
250
647
795
152
81
371
164
99
507
627
391
622
809
709
417
969
959
469
226
372
832
694
358
490
655
762
813
667
403
660
345
778
747
909
141
392
6
686
253
161
408
469
543
195
49
757
390
717
751
134
796
413
631
114
858
851
958
43
734
140
552
74
350
305
552
432
790
989
119
727
234
800
381
847
724
293
396
273
917
816
462
292
73
343
153
533
511
805
29
404
667
360
904
34
826
240
969
405
597
638
1
415
162
169
919
411
20
233
446
360
866
94
961
932
169
460
602
964
274
32
790
865
210
570
457
340
317
587
890
419
600
52
837
17
586
499
395
438
603
893
853
355
295
129
595
649
271
463
765
320
704
320
653
588
167
493
668
947
771
788
354
611
158
753
804
684
150
187
828
768
945
942
510
994
888
293
306
678
49
242
572
478
53
503
238
95
433
672
263
186
924
856
280
939
346
280
659
12
587
549
748
246
242
56
712
98
719
440
985
479
275
930
576
390
244
108
971
420
950
534
477
922
835
786
25
500
27
70
82
205
133
55
139
463
407
309
106
942
348
400
551
13
835
709
931
637
966
473
778
652
824
924
270
74
966
536
497
345
692
644
770
772
830
974
578
914
667
248
50
457
936
798
339
490
608
592
793
384
671
413
195
245
952
811
542
163
776
740
421
941
25
889
829
452
618
812
151
219
575
71
589
168
833
106
304
690
431
552
683
786
941
605
158
165
34
201
49
669
901
128
6
108
270
460
406
610
316
419
113
547
949
184
810
766
212
793
374
260
16
582
765
633
642
79
369
834
16
211
288
92
706
892
87
992
148
191
480
913
19
468
509
266
256
166
770
140
228
568
872
710
543
647
61
988
501
961
493
360
725
217
920
976
932
28
177
522
220
452
274
547
151
187
712
701
646
875
768
176
49
810
300
124
737
536
646
222
254
108
477
526
463
591
925
783
258
667
403
681
783
295
486
554
919
428
831
699
665
364
999
314
412
916
503
314
39
115
457
367
555
832
233
101
676
822
248
122
549
596
634
168
791
520
306
319
777
67
827
189
636
955
174
745
885
994
732
762
720
126
724
26
512
571
98
569
524
741
384
172
806
791
82
248
665
236
816
98
157
213
176
829
961
729
86
880
409
294
950
375
828
90
460
254
791
575
139
854
274
987
775
648
113
526
228
655
497
961
14
1000
97
216
85
186
957
832
261
233
230
736
676
637
982
255
136
849
823
384
248
625
67
95
716
662
502
254
450
234
585
599
301
325
900
776
757
912
520
746
932
809
803
383
313
201
635
522
643
730
240
403
169
803
414
957
206
356
309
238
746
273
725
416
307
278
23
3
513
950
578
462
805
118
149
817
348
133
604
716
820
861
665
337
45
54
531
141
952
168
376
478
545
105
369
874
191
121
380
438
37
894
148
387
913
915
340
857
406
796
944
735
837
775
504
792
538
701
493
915
3
817
528
604
292
617
457
574
911
191
476
593
110
781
852
148
183
149
622
117
590
768
485
551
165
112
358
658
331
417
326
352
832
273
821
55
311
8
985
125
662
972
530
405
538
358
817
756
18
237
911
721
803
63
913
655
690
473
10
45
308
565
979
632
767
777
402
33
62
859
779
990
668
965
692
510
838
856
467
753
985
20
142
781
648
465
966
876
152
427
701
341
475
470
910
603
288
986
780
140
13
919
244
264
788
673
535
900
683
892
504
877
820
101
363
746
997
371
572
310
414
472
728
169
121
803
607
148
430
605
799
362
730
221
743
488
814
175
760
637
821
168
90
943
414
172
369
687
110
948
225
916
91
675
869
498
812
195
757
533
320
870
769
408
613
572
78
661
465
485
790
415
987
614
450
982
284
20
539
838
283
732
440
692
840
805
552
663
452
318
917
516
333
167
899
566
701
363
302
344
675
433
247
629
953
777
552
819
252
342
73
797
21
294
898
162
703
906
775
987
270
629
590
856
424
351
34
667
488
693
679
474
417
289
567
22
79
503
860
936
571
519
351
416
929
557
123
212
627
486
913
600
75
454
581
515
597
213
871
862
414
804
439
123
882
954
226
900
324
77
539
643
326
460
694
172
499
278
990
710
435
742
426
537
499
397
993
998
390
816
288
883
860
692
331
374
464
255
14
533
526
730
773
675
833
732
120
807
756
218
645
752
491
976
660
522
154
603
257
596
752
393
774
27
751
162
434
434
875
390
311
731
181
556
327
381
988
20
93
725
273
67
324
113
943
610
405
961
466
325
713
971
446
961
895
204
129
302
76
333
896
56
245
79
88
974
396
769
675
179
899
80
286
843
323
24
819
801
258
897
876
942
390
156
871
255
336
289
690
772
191
989
704
173
230
296
299
872
656
806
975
499
727
798
721
945
515
32
949
646
550
382
180
798
39
772
617
707
472
458
467
668
900
792
55
309
168
542
781
824
528
157
927
165
683
520
910
113
135
116
115
290
383
963
992
325
379
147
949
263
334
523
72
167
538
217
215
62
912
41
652
735
811
339
299
958
47
503
710
984
761
913
389
964
995
691
715
922
954
699
689
231
490
916
582
845
756
911
80
554
388
20
64
989
149
244
92
709
293
193
869
31
588
615
934
11
210
592
872
211
870
562
308
153
54
930
228
327
574
682
859
134
112
592
787
239
564
916
232
36
61
761
558
329
856
953
33
471
941
10
399
744
101
755
31
489
990
189
298
755
602
497
760
290
609
314
522
624
203
565
913
603
470
163
530
63
514
724
211
150
958
987
581
310
767
906
988
488
93
641
921
471
566
390
506
521
680
689
466
653
241
807
532
784
434
699
124
389
449
148
507
178
452
95
636
162
843
843
5
834
151
269
251
98
314
472
259
528
533
667
149
696
307
887
512
880
810
431
345
438
706
495
809
886
569
343
974
68
436
872
159
745
860
866
352
187
69
766
3
850
865
873
524
841
69
374
597
774
504
239
35
108
357
39
518
89
773
206
765
589
401
935
497
987
258
669
770
714
567
820
261
735
152
115
620
960
445
560
328
814
553
737
244
400
813
425
245
42
352
482
686
613
855
297
490
562
708
65
77
822
416
29
185
514
494
991
306
720
788
802
69
745
290
192
667
228
229
129
917
269
41
951
784
723
577
735
560
265
336
171
783
750
481
540
804
729
428
815
305
61
919
693
333
711
910
782
914
481
814
650
552
678
699
93
482
348
346
518
406
714
812
204
174
858
340
728
328
149
721
293
95
952
998
850
985
192
38
508
464
232
638
919
503
67
102
743
221
128
972
324
278
779
23
963
744
181
878
854
383
665
42
227
55
335
892
148
983
769
145
5
698
718
671
305
957
789
450
871
677
713
601
391
161
378
614
129
327
50
306
484
550
83
649
469
466
450
977
130
284
423
408
356
305
483
710
626
895
889
688
722
869
937
563
114
984
734
239
849
168
515
449
910
37
646
407
439
224
673
874
760
201
710
262
53
87
602
486
714
733
749
316
765
11
75
492
626
648
141
449
969
477
161
266
716
984
354
630
568
348
285
542
230
26
915
563
13
493
88
218
924
269
515
718
175
705
515
834
237
306
444
113
235
984
721
261
777
126
272
764
694
296
622
336
657
739
859
696
413
990
63
116
895
209
554
39
102
450
541
275
893
537
127
365
298
235
673
297
44
997
809
956
608
255
807
784
323
589
651
884
182
51
821
792
337
413
695
295
215
464
285
772
755
65
341
164
201
363
609
706
687
541
520
746
339
754
681
921
870
588
366
470
383
894
813
30
671
144
313
158
533
117
867
442
180
303
72
523
391
693
298
375
530
962
37
850
704
363
136
809
101
889
520
398
215
326
319
713
379
141
815
65
305
942
498
113
808
701
986
182
384
285
585
130
203
151
578
957
475
898
571
682
271
523
853
657
250
445
912
478
725
476
39
555
913
459
737
691
417
664
525
576
677
834
209
883
216
320
280
372
366
83
842
646
408
416
634
986
269
60
871
636
426
223
80
349
383
119
59
449
361
594
784
605
532
210
257
373
910
538
634
179
134
37
449
600
305
987
901
334
659
371
284
365
966
520
280
778
815
964
585
213
738
106
218
97
323
257
952
92
837
878
214
167
493
217
612
97
801
610
126
862
97
1000
92
843
25
301
984
643
59
14
676
188
426
864
310
546
992
820
925
254
120
896
920
740
541
213
593
910
700
404
394
599
779
33
547
891
208
872
569
192
17
425
44
253
492
703
983
503
907
3
483
43
651
57
481
391
638
85
358
801
288
748
934
540
764
436
291
243
412
387
696
671
235
673
997
60
887
186
260
458
382
904
440
558
65
878
126
735
145
479
341
369
685
263
609
337
476
838
309
637
330
939
113
108
148
206
15
330
24
753
733
179
615
347
564
403
676
997
180
643
968
439
381
272
326
263
707
661
707
932
530
207
861
863
490
196
741
254
260
586
275
110
687
716
511
835
909
567
836
863
294
465
68
372
78
514
419
41
65
231
823
406
220
183
987
718
536
206
515
750
464
136
651
135
55
447
202
748
912
222
690
254
238
121
885
786
848
471
671
758
490
122
376
369
168
775
327
233
374
309
990
186
411
923
452
35
753
990
208
570
268
37
783
434
210
177
935
84
785
752
651
116
46
672
391
374
462
17
718
308
901
373
934
189
25
55
536
879
963
863
212
526
169
108
554
491
294
932
856
885
292
518
422
173
851
18
209
834
98
360
912
412
167
187
761
34
861
34
687
628
844
455
250
720
402
775
371
893
951
2
355
238
26
957
892
328
668
410
722
734
479
901
510
213
832
914
362
633
166
22
1000
797
202
505
915
851
217
502
442
346
991
607
81
592
351
940
765
401
252
556
692
615
883
173
933
228
533
590
660
272
430
616
901
613
425
909
452
51
319
672
253
924
645
669
267
737
334
951
159
132
330
219
242
940
702
994
901
206
992
899
253
995
298
865
50
86
641
342
698
236
487
912
740
268
694
759
313
73
540
948
736
549
663
408
887
21
188
337
976
78
561
361
588
241
649
830
97
792
681
98
464
824
724
30
612
175
869
223
173
90
574
172
856
731
268
478
908
848
105
77
579
101
253
511
987
450
555
901
246
789
995
734
95
27
482
427
343
737
826
322
302
894
237
99
634
175
2
111
282
810
1
44
857
147
200
130
138
579
829
822
592
87
925
219
519
702
743
649
757
843
464
715
994
835
61
174
16
770
408
885
563
641
804
909
265
219
463
420
915
58
370
575
476
954
56
336
753
144
672
207
769
888
495
991
580
630
150
183
917
471
809
801
976
247
499
613
949
842
212
577
589
922
452
883
309
567
76
392
354
318
897
809
79
488
632
117
112
492
874
212
354
200
896
724
940
961
612
975
771
299
896
559
116
12
117
685
399
552
551
741
406
320
193
881
642
646
581
561
609
896
769
530
162
589
332
452
238
189
209
611
966
917
439
221
280
345
232
945
865
429
614
753
432
320
240
321
863
687
617
392
391
757
649
19
462
576
310
22
416
397
892
782
30
977
61
93
139
520
161
991
499
195
986
846
211
778
958
781
537
333
622
934
133
495
155
518
729
702
954
415
200
736
867
334
522
908
686
661
957
106
512
966
853
561
941
52
80
145
622
442
257
440
148
617
830
877
593
51
405
287
664
836
28
365
136
352
655
594
963
846
562
798
960
490
813
889
378
492
246
928
331
899
370
528
571
358
460
20
157
596
689
661
336
214
903
219
356
596
795
206
421
273
494
774
185
204
137
596
151
210
84
803
384
756
827
957
804
464
982
117
731
254
606
201
327
182
264
222
565
605
344
963
661
958
872
707
224
282
183
109
688
740
442
338
633
717
235
330
984
274
687
546
332
266
831
243
528
848
623
766
202
629
798
558
257
444
737
163
288
589
721
19
76
924
598
597
711
729
3
195
954
8
718
460
677
573
227
976
834
864
345
134
483
747
966
289
165
243
183
236
238
385
768
404
56
24
406
348
403
522
181
528
655
181
344
764
786
373
19
815
520
130
312
335
641
551
194
695
81
294
779
584
521
269
51
630
134
272
561
386
87
3
374
400
532
710
439
107
91
522
834
498
934
32
455
652
932
932
48
831
471
790
661
910
902
136
470
685
7
701
312
171
106
87
551
102
841
534
913
343
893
924
229
779
543
753
333
740
584
440
679
879
429
474
696
327
611
862
254
45
923
187
486
762
64
213
157
259
719
766
837
680
863
508
224
872
836
235
22
896
963
408
290
660
934
392
775
353
929
128
970
100
243
742
789
110
334
162
154
512
610
786
173
803
904
282
420
915
369
542
166
859
171
629
878
21
601
476
604
372
169
383
9
190
831
556
193
525
542
517
361
601
871
219
747
601
506
235
821
67
621
438
477
635
73
46
251
222
343
432
664
538
286
867
352
559
126
343
238
603
509
836
28
1000
937
519
33
455
726
451
482
866
285
363
233
832
924
585
758
933
313
797
864
638
408
875
627
332
112
547
915
923
352
1000
677
952
752
69
348
584
942
214
514
89
574
842
979
235
370
785
284
37
990
636
568
521
55
730
820
888
295
116
85
139
480
93
374
132
736
508
144
600
399
702
565
862
473
545
220
669
621
360
92
393
839
676
483
37
592
66
491
131
420
813
603
116
927
880
829
933
754
137
147
985
154
650
692
831
263
735
250
680
554
71
205
10
168
722
347
682
645
240
288
467
31
687
289
382
475
742
594
188
569
19
33
155
205
587
603
7
824
592
424
616
885
557
636
126
759
361
949
217
432
719
438
249
322
361
189
583
825
757
381
151
488
2
869
106
498
607
259
31
430
943
604
767
980
339
180
759
647
767
846
254
11
4
587
470
845
585
678
914
323
441
8
468
521
825
879
653
93
525
728
194
281
715
302
129
255
263
643
943
438
419
500
641
24
963
586
160
735
554
389
15
761
76
138
629
233
204
485
55
747
390
354
289
820
391
243
64
832
186
491
18
182
298
795
965
719
920
857
730
654
401
72
136
603
732
858
613
16
490
47
619
102
523
810
955
366
884
830
624
863
416
791
73
211
800
577
347
547
731
50
874
385
151
91
439
299
796
466
305
743
732
510
95
1000
965
751
472
115
637
88
114
908
153
106
234
803
175
860
698
934
472
298
579
275
457
48
149
974
803
351
89
949
430
256
255
773
544
908
435
704
182
509
989
639
797
33
221
146
352
413
345
993
348
237
724
489
853
919
935
831
928
163
854
254
981
510
386
781
273
887
854
844
589
623
832
705
867
796
549
610
379
694
638
436
510
531
944
129
120
52
726
546
544
736
936
789
476
842
981
1000
973
554
898
211
427
685
42
514
533
119
646
415
303
307
189
25
882
525
529
296
302
801
55
810
451
31
558
637
405
714
652
655
719
150
759
572
272
296
577
666
730
881
130
673
36
134
875
122
848
82
356
668
982
27
948
477
188
282
738
765
736
372
550
296
765
34
488
272
625
288
837
874
739
306
39
196
357
421
911
890
790
95
783
255
861
253
213
70
917
73
602
888
180
420
656
355
586
113
824
972
781
529
433
908
376
706
128
54
524
313
904
420
3
57
165
820
860
696
304
863
391
670
344
6
798
802
807
442
819
352
834
764
932
502
911
597
668
748
910
276
752
504
208
427
280
120
162
96
401
970
119
416
620
574
219
298
272
902
368
32
284
728
21
299
232
827
690
840
729
180
246
917
246
273
229
929
317
278
655
301
992
915
111
818
91
312
370
820
822
931
755
31
3
672
133
82
210
304
939
601
303
103
448
95
79
170
807
512
406
192
920
401
162
881
713
580
186
844
217
636
333
30
396
137
338
286
206
583
899
513
778
525
898
883
414
556
584
422
17
28
696
380
598
660
718
398
779
847
949
676
902
878
331
192
289
705
505
463
88
381
653
855
178
221
952
902
682
489
802
665
141
432
230
313
797
143
392
774
514
933
759
598
879
863
566
22
369
155
430
844
643
804
686
173
634
178
357
154
682
758
346
640
315
549
959
70
62
483
355
473
815
807
197
251
760
71
627
335
47
441
969
147
309
757
295
928
391
923
362
68
927
640
629
460
615
350
833
444
194
527
686
740
444
28
721
884
111
645
606
237
172
805
80
651
212
161
365
576
843
43
952
350
102
641
831
403
551
275
783
511
953
228
695
343
433
53
129
236
957
746
501
447
949
84
837
180
353
672
798
872
505
908
971
617
321
454
986
310
548
100
614
987
187
335
372
876
12
364
931
714
364
339
26
892
104
596
968
477
552
871
784
969
413
95
591
240
956
443
548
276
259
833
469
727
828
84
296
55
657
995
138
330
181
260
995
533
26
527
167
335
5
848
420
158
842
877
298
970
387
647
420
532
911
250
542
846
353
656
143
957
806
532
556
809
660
227
963
445
952
993
700
829
630
817
794
739
109
869
619
105
354
643
285
38
154
151
650
480
953
769
95
406
475
354
675
219
499
840
349
490
715
93
295
32
764
532
742
280
936
61
659
952
104
209
457
593
590
489
464
184
822
607
274
547
908
952
708
314
312
537
938
551
284
724
439
173
912
818
831
173
209
71
313
564
542
946
678
676
971
859
363
468
486
95
753
781
703
313
568
728
167
675
958
643
697
510
81
82
282
120
988
929
471
778
496
452
606
308
561
968
581
109
41
296
578
307
575
478
726
594
580
962
258
788
379
276
542
802
704
855
120
197
835
771
67
182
143
298
101
691
149
293
855
40
747
63
846
848
120
927
125
537
172
580
356
141
222
54
363
384
104
141
176
721
906
755
736
703
343
561
777
668
994
242
78
469
788
797
338
442
922
406
466
341
859
124
276
293
103
103
218
810
178
402
585
508
276
260
402
854
709
528
180
967
834
493
870
892
236
697
567
228
304
683
816
983
260
357
660
254
278
818
354
793
292
966
181
977
512
707
737
368
500
778
695
530
105
763
812
919
108
592
589
307
751
197
925
800
124
816
184
205
22
389
91
437
643
141
58
174
497
846
887
506
61
916
47
401
225
168
678
393
136
984
288
150
802
85
308
991
241
769
654
39
357
887
594
903
811
942
434
217
70
880
450
630
322
578
444
942
866
855
81
464
64
709
310
896
574
610
849
568
160
96
607
198
316
255
944
845
899
849
487
605
710
746
490
256
423
994
368
793
60
107
809
134
892
540
522
886
275
976
647
631
416
834
86
18
76
203
637
755
795
830
380
638
983
370
414
746
964
491
503
814
658
910
923
736
947
493
689
428
695
434
578
214
514
796
117
277
478
921
572
382
584
830
764
801
211
109
263
287
558
74
992
590
399
444
968
802
813
718
556
530
341
831
789
388
491
527
835
415
899
77
31
498
4
174
388
78
869
345
892
931
52
576
111
47
316
671
603
776
633
203
918
758
723
414
275
695
612
744
455
509
189
673
839
260
871
332
453
232
608
625
619
343
897
766
697
44
319
823
345
240
806
555
425
723
96
581
436
561
144
711
37
366
423
442
602
685
621
37
302
154
411
413
700
866
716
786
117
772
961
598
556
924
527
862
585
462
823
421
944
602
532
75
391
854
704
420
420
348
10
683
738
498
418
951
750
351
553
131
811
843
8
13
35
683
619
119
696
687
743
450
973
457
531
618
653
186
979
936
947
216
866
808
14
436
361
975
160
557
619
147
389
901
838
318
17
262
164
484
116
166
197
565
596
309
229
838
144
866
82
292
768
127
799
88
152
451
299
802
619
730
733
918
963
550
889
210
321
163
782
405
86
767
637
846
507
411
844
728
917
619
775
721
799
558
105
869
909
710
458
20
956
743
500
131
531
572
495
664
494
721
547
219
44
768
41
107
466
953
938
512
441
723
878
304
454
359
729
25
227
413
596
170
182
952
484
102
284
251
709
641
781
583
836
979
786
794
347
658
796
748
181
757
322
843
433
45
427
588
114
454
870
166
953
942
297
708
208
623
208
992
290
774
22
636
217
645
95
426
768
706
114
146
462
404
622
604
142
922
713
167
469
26
951
776
696
526
181
367
551
260
581
312
464
890
445
546
10
727
651
900
501
375
777
269
184
666
40
289
864
865
616
735
881
441
463
402
395
898
876
609
805
574
915
574
774
911
665
989
326
573
778
315
359
133
898
962
361
809
208
845
988
473
521
978
760
736
704
961
338
767
595
21
509
866
104
933
270
753
496
141
52
520
397
181
237
876
778
272
704
482
32
348
810
737
428
381
560
856
416
861
514
800
725
195
800
906
886
363
855
699
645
887
1
91
792
78
354
253
152
277
426
928
323
600
12
104
614
751
561
521
680
461
277
147
275
351
503
368
570
228
607
572
174
377
281
361
219
153
534
939
612
539
803
759
329
442
784
54
365
100
84
832
834
836
775
110
327
799
675
73
387
341
432
632
846
369
359
956
216
486
125
475
970
975
989
1
981
581
635
512
422
285
636
298
183
376
788
722
487
485
767
621
533
552
110
955
362
464
625
493
594
77
554
268
980
678
360
528
254
137
356
396
98
43
108
361
796
904
478
123
413
863
78
563
83
557
420
259
736
823
611
280
895
600
730
603
410
659
745
166
28
880
825
502
218
32
905
877
362
25
765
585
675
873
39
32
90
120
689
172
437
981
908
612
577
813
438
641
237
989
270
669
787
291
342
166
664
636
252
95
180
148
724
618
466
516
70
552
563
935
578
623
95
646
793
819
715
144
726
354
459
998
698
655
93
568
188
338
518
475
445
310
928
347
873
986
937
251
753
540
10
228
195
48
484
943
459
934
458
697
800
870
64
635
568
331
504
943
676
150
363
909
48
859
191
647
500
88
296
33
970
797
44
208
757
914
397
661
518
344
336
417
889
142
521
90
306
562
329
203
591
803
71
253
245
396
896
686
402
622
934
948
901
49
258
953
860
312
453
384
585
608
716
932
84
44
506
650
331
853
266
927
71
461
881
487
600
934
284
144
975
39
356
629
16
445
64
696
18
377
569
935
516
14
724
780
3
494
982
567
111
86
418
754
999
978
436
923
874
561
223
380
612
195
696
201
362
175
965
182
284
416
45
620
938
567
280
110
92
616
488
689
22
3
805
456
983
579
327
369
530
771
58
654
225
431
86
113
804
723
50
963
522
516
181
160
619
649
972
142
832
180
627
129
156
503
460
624
600
183
477
802
827
720
213
348
745
825
127
441
537
18
852
202
770
689
71
673
551
220
179
149
413
151
935
788
495
409
589
98
231
754
276
275
756
926
883
317
696
36
438
244
683
635
812
264
641
196
119
777
751
347
98
479
902
756
355
909
321
214
57
40
63
689
849
716
414
903
90
181
551
880
722
990
630
188
411
964
112
323
801
694
548
1000
641
934
666
188
713
558
629
135
104
360
791
220
693
261
310
243
28
590
308
263
164
936
135
189
47
468
4
554
686
253
154
996
903
925
471
327
918
699
570
71
545
744
169
422
177
710
875
355
226
204
428
981
369
477
420
340
708
955
341
770
326
163
254
930
560
103
177
632
164
702
744
427
264
421
804
32
655
627
495
622
846
272
199
878
934
158
104
890
871
66
919
915
523
217
418
532
318
675
691
354
724
851
775
248
193
583
499
458
135
784
290
596
536
76
515
792
93
235
582
533
744
875
92
347
496
296
493
567
967
723
96
776
315
913
956
380
709
288
375
356
371
596
72
673
312
372
649
565
899
73
619
628
634
813
109
435
599
561
908
907
653
319
637
203
240
551
609
227
200
81
699
745
359
738
197
405
304
919
464
821
254
637
161
247
735
479
61
881
413
899
978
249
670
126
617
737
386
610
763
883
205
459
622
518
503
843
716
832
315
163
979
586
418
436
565
866
531
72
500
703
686
994
831
985
496
952
426
470
225
63
216
925
253
407
840
143
104
646
366
78
323
287
907
6
321
666
879
375
527
737
918
154
765
27
83
688
76
837
455
67
987
410
555
820
806
98
468
586
297
814
315
674
717
428
6
247
172
783
285
352
483
172
254
6
775
467
852
906
912
718
10
34
342
472
18
318
497
7
312
386
299
123
277
290
394
957
911
348
811
731
224
738
603
970
137
93
445
1000
120
720
230
821
579
157
16
806
369
534
953
431
596
340
997
479
632
778
886
553
255
977
306
541
616
150
367
884
843
881
791
904
83
725
772
937
910
287
989
615
104
186
105
739
392
222
219
598
527
307
868
816
920
468
732
452
719
432
472
524
741
24
643
377
93
699
122
3
965
593
715
327
865
445
371
332
946
709
359
971
803
837
950
104
474
298
297
196
319
8
849
392
432
363
233
341
505
110
121
156
162
293
575
985
23
757
483
593
24
123
281
754
283
298
531
220
813
420
503
758
887
817
138
251
846
155
594
921
180
464
696
661
621
878
872
374
477
862
352
320
553
139
978
215
141
134
464
846
461
963
864
338
772
358
927
440
35
28
480
778
433
983
108
7
468
314
424
699
24
140
722
974
484
686
899
946
358
715
734
675
112
432
640
41
510
936
98
126
427
659
483
774
311
791
984
749
733
590
713
82
198
736
85
428
650
666
841
818
263
615
338
786
843
944
130
72
549
554
820
100
222
433
409
174
588
130
991
864
874
733
943
470
440
885
118
212
200
750
992
888
995
94
861
351
687
36
169
246
562
558
322
139
882
623
870
519
80
268
866
143
911
244
938
506
744
70
406
311
260
422
903
894
507
266
826
343
229
250
40
895
46
793
201
672
721
250
965
137
89
109
354
664
535
416
473
588
976
906
621
34
862
298
593
407
719
516
633
138
474
494
315
758
190
493
2
226
541
534
709
808
770
135
734
626
237
688
595
205
664
930
561
807
552
838
667
821
635
2
981
746
101
367
805
424
595
429
219
516
507
667
255
202
149
71
972
694
829
261
244
425
716
596
707
677
726
29
764
970
354
968
819
50
96
903
67
825
888
340
661
570
747
640
607
390
337
911
408
831
642
423
559
453
558
295
598
362
230
453
662
734
224
650
156
218
588
151
361
926
389
664
431
806
765
381
343
632
634
584
191
930
86
471
705
687
946
220
441
737
947
811
674
19
978
651
433
815
816
802
400
4
840
479
628
874
840
600
148
415
883
30
739
548
75
160
453
127
819
349
260
359
642
813
267
985
488
229
575
445
686
649
539
467
706
266
28
674
339
114
203
722
924
504
903
561
607
751
417
665
793
748
285
75
194
105
366
624
516
172
313
812
858
756
729
663
134
670
218
727
577
651
711
327
343
848
33
764
20
196
936
232
151
680
381
40
610
610
309
283
123
254
881
535
631
408
922
894
720
557
819
497
442
69
692
668
489
146
509
627
193
480
445
141
817
96
869
432
161
142
763
709
534
437
593
677
633
374
800
665
253
780
778
321
891
858
502
735
996
642
957
101
805
544
247
787
177
331
869
861
520
199
298
370
280
321
910
737
780
91
733
978
800
106
829
326
217
192
592
619
624
144
105
945
265
569
368
66
365
465
746
222
546
445
307
502
197
953
548
58
937
319
681
188
977
485
24
811
818
495
681
430
752
706
488
176
268
193
147
962
761
572
797
769
288
821
656
364
407
905
835
723
243
67
697
824
437
672
49
968
397
382
372
30
520
79
242
831
656
431
188
520
683
888
874
521
117
726
410
713
278
745
101
635
622
639
899
226
121
500
473
530
22
873
329
871
221
705
54
738
616
345
276
379
844
11
658
221
921
566
888
670
953
813
887
180
213
441
975
207
863
311
771
321
613
236
815
528
311
611
621
862
642
831
292
293
657
199
671
796
586
815
625
101
484
570
901
27
970
456
887
532
122
841
46
272
362
828
446
680
187
715
552
195
984
638
575
736
927
303
169
951
526
798
847
741
252
585
695
145
374
943
669
74
203
623
189
446
632
23
341
113
201
142
303
119
495
763
151
153
324
210
25
89
210
678
579
531
717
93
417
417
189
940
872
916
697
644
331
776
990
162
774
17
763
173
665
667
657
482
943
43
479
927
507
581
638
503
948
297
570
435
515
909
30
104
100
346
940
395
928
543
220
373
317
812
923
992
497
182
52
121
772
925
915
64
572
527
810
348
175
277
766
209
710
167
517
193
616
966
413
340
127
287
449
546
279
275
282
933
56
648
233
169
712
726
666
442
3
766
817
603
643
310
513
793
695
90
510
163
740
681
433
343
938
78
317
824
271
934
612
401
864
260
645
240
486
380
182
606
99
168
631
686
689
312
573
888
498
6
646
565
274
926
722
972
334
867
126
575
992
121
296
303
623
716
620
517
308
384
360
574
465
582
834
34
298
627
629
65
992
580
79
918
16
594
377
118
727
610
563
373
601
312
31
317
883
239
12
489
588
51
303
280
982
959
818
943
655
59
273
731
693
373
194
818
755
124
687
273
778
172
101
622
211
276
830
926
40
838
16
958
413
458
282
522
255
572
906
42
234
226
153
61
659
330
738
61
26
602
99
145
13
2
840
488
492
208
927
2
75
44
876
918
36
343
504
3
517
536
3
862
787
671
80
983
267
962
156
543
84
150
269
805
729
566
65
756
281
843
392
752
250
426
359
737
277
273
512
93
454
265
654
519
311
484
381
454
728
526
38
500
964
454
60
309
422
949
615
117
393
44
4
575
435
257
708
202
40
333
844
385
496
746
486
564
911
486
331
161
186
120
923
758
825
316
230
349
684
530
100
188
630
947
583
506
272
729
93
948
465
446
260
748
63
144
82
198
981
351
415
308
428
979
595
362
555
425
862
38
179
539
593
374
642
474
391
462
936
728
584
280
417
406
898
414
887
979
950
180
87
643
595
550
778
274
853
453
74
873
761
764
630
967
621
23
69
576
540
163
608
305
480
618
962
582
690
389
5
592
655
842
569
205
544
351
899
644
970
376
335
345
14
902
152
599
844
587
488
460
191
338
287
856
865
913
32
85
596
574
878
129
45
819
432
343
398
193
931
470
924
569
189
828
907
867
710
608
265
285
967
508
970
644
862
170
145
822
71
350
985
344
726
751
389
804
951
764
79
889
52
971
931
114
966
231
426
172
997
913
473
658
859
578
270
376
575
662
549
550
706
808
923
39
462
790
445
227
368
840
51
295
952
524
37
468
795
767
811
344
860
334
301
331
915
984
998
840
485
930
902
255
700
100
652
344
824
333
833
782
679
885
404
456
400
802
245
802
492
294
501
301
451
666
85
629
528
832
202
994
851
965
724
211
386
509
258
719
252
281
884
500
340
240
788
899
482
767
170
18
818
992
790
217
878
68
44
293
261
895
924
71
122
906
256
228
794
200
887
309
558
893
890
291
529
517
310
167
567
508
855
925
960
875
239
690
131
803
776
127
1000
799
856
550
35
511
484
635
94
830
843
825
196
930
126
549
591
778
122
519
936
331
1000
663
787
588
350
112
644
910
926
242
197
894
27
357
574
407
809
996
74
554
451
753
170
610
973
150
166
302
948
583
819
267
659
140
628
918
348
925
302
168
363
839
872
365
250
839
711
73
823
669
141
80
691
853
932
704
576
884
624
786
164
790
352
17
410
499
481
778
658
171
137
188
78
363
780
805
616
608
992
434
929
64
233
257
744
257
882
799
742
814
150
372
858
435
290
929
52
289
114
995
421
428
641
475
223
732
15
971
699
741
845
804
642
204
445
323
900
589
19
298
863
573
75
918
808
871
365
264
172
837
945
932
825
578
447
980
176
373
420
387
905
349
617
419
947
521
545
959
685
516
955
104
19
725
890
304
359
195
949
677
780
115
635
37
828
534
652
320
197
867
896
738
614
12
53
132
180
836
226
385
431
17
94
735
668
207
683
960
844
577
907
294
887
600
703
355
840
732
368
72
107
543
366
449
110
836
68
301
94
942
803
692
675
263
79
562
696
868
409
596
412
43
876
563
220
999
2
218
996
118
471
248
350
167
196
881
924
65
540
817
463
21
241
236
626
919
966
541
588
973
10
442
14
382
765
704
577
775
742
598
51
957
234
226
814
683
779
757
190
150
885
305
31
544
257
875
317
394
522
302
650
763
975
831
161
820
264
28
100
678
782
624
465
624
228
87
569
326
307
719
216
167
370
127
292
871
689
844
693
963
201
959
135
345
105
715
418
96
210
226
317
30
192
487
707
457
870
615
856
981
976
710
144
169
166
95
374
105
789
688
14
744
199
851
73
241
841
461
672
941
620
234
570
836
411
191
850
978
87
857
24
380
573
530
567
519
35
435
968
466
234
768
911
88
503
790
569
75
187
892
945
277
458
428
402
800
60
380
541
202
733
709
579
919
33
173
370
167
367
85
536
733
482
597
622
304
241
688
3
483
273
118
471
303
170
587
602
997
139
599
909
808
811
76
51
785
461
647
790
868
128
315
136
62
443
288
884
237
138
866
37
174
847
588
857
764
766
89
845
977
514
385
441
227
771
668
95
998
98
581
786
401
5
492
116
577
537
38
103
464
621
558
453
953
896
875
374
277
758
125
708
792
158
688
925
362
668
686
129
296
32
623
30
58
638
356
772
827
433
348
8
363
443
837
687
360
612
768
253
164
772
898
584
744
661
944
773
563
418
990
280
254
348
275
114
758
416
354
200
365
742
910
286
807
848
998
588
608
297
351
200
558
665
39
767
154
113
532
196
210
398
411
881
174
466
457
728
187
982
903
614
846
783
176
217
161
23
242
75
474
876
634
531
492
370
955
476
441
219
542
549
934
843
405
592
497
628
69
109
908
213
581
486
304
494
